0.30349714253823823
0.30740080626655364
0.13560048304521133
0.09057267010225001
0.3095863200724125
0.30267321411730264
0.11044066958144017
0.15772995352762598
0.3123520687222481
0.2983772121378623
0.10952816484523353
0.17282074643352063
0.3046482726931572
0.08486570976677332
0.10014023608530431
0.09939415752914227
0.3132450141928549
0.13967429846543267
0.19665473746179662
0.06996166706096307
0.31331730237121613
0.3131436169941135
0.15227665379657612
0.1545978449290597
0.30931636691093445
0.3125
0.3125431521229385
0.3033878225169472
0.31248193234205246
0.3098009526729584
0.29909752585224525
0.07282408699398413
0.3124983608722687
0.3089596517384052
0.30038730366796185
0.3043001218751862
0.31249646097421646
0.30118652392005574
0.4784090816976768
0.1528900749983595
0.18784074481663482
0.13380198088771345
0.15431130304954943
0.10590301454088705
0.3124900907278061
0.18600389454574584
0.007967926561853744
0.021743753925014486
0.30306148063542904
0.09800367383290554
0.011699266731784397
0.1833133809272774
0.3052642951303768
0.09996203313845953
0.30824768903838945
0.10747098224262819
0.30813631055147117
0.15262093022537832
0.06547833979131568
0.08739237487320484
0.31217578798532486
0.31145932152867317
0.4016175493600448
0.1711624823513367
0.3076958446770718
0.30135930298646296
0.12792533542978474
0.06998276710516727
0.30996666065640044
0.3010567169024525
0.31267298413924194
0.051864653825769214
0.3036038396509725
0.31259885292157774
0.3038905231910153
0.4147055419937141
0.30097539182582767
0.30677173109371236
0.15706851333385008
0.3106031194329262
0.015473231673256232
0.05907831341040476
0.04289009608336383
0.3122575394809246
0.31143216207235513
0.14724744856427852
0.09554237872374206
0.3060799837112427
0.6215146752097004
0.21212681382985088
0.2988637611269951
0.3074898085700102
0.4175831765027838
0.05939489603055606
0.3125
0.3042263793759048
0.3118120506407501
