0.24970445036888123
0.2507927832425323
0.11951654404450673
0.08506465703265542
0.2494296282529831
0.24554351624204876
0.24627066531612712
0.10127834975722541
0.2460024543106556
0.24460277401092834
0.23641024123265722
0.11075741611431544
0.24010055711906197
0.08645752444887914
0.3128596171737013
0.0858074128630334
0.24567057192325592
0.24042715596266517
0.23787922749769097
0.1018224731089295
0.2428242713212967
0.2504720515465234
0.24421011585599553
0.24075719108447058
0.2450256608426571
0.2431224623475803
0.24823240903203958
0.24413549446495858
0.24997711181640625
0.2487199530005455
0.24585777125413036
0.08855923265246696
0.24887963384389877
0.24998731911182404
0.24948937445878983
0.1675674505532896
0.24999019503593445
0.24605148844423463
0.24690037593271774
0.4374659359469212
0.24915781269618864
0.24027216082485725
0.0962250335145356
0.11574324592976143
0.24999672174453735
0.2460898943245411
0.026306293904809548
0.004417203366769554
0.23704550465394997
0.2398374189467888
0.08680911362189048
0.022373780608226757
0.23730626353695633
0.35226389020734805
0.09831697680076902
0.09671067452305915
0.23700162799924918
0.14961324259649122
0.0942820645869083
0.0740642882883904
0.24480228824540973
0.24988538026809692
0.24397261440753937
0.42255962640194
0.24533883947879076
0.2497560287665258
0.24264227548035217
0.12093617394576074
0.23830939274838792
0.24357927586272066
0.24118385756667232
0.05881079658881272
0.24970665574073792
0.24187773372977972
0.2429684473908323
0.3476874979679919
0.24998897314071655
0.23641427373516294
0.186114944518172
0.24607132002711296
0.0251631960273141
0.053881470114155894
0.03902763873350626
0.2452953066676855
0.24051626296872364
0.1284521892668522
0.07343121804322883
0.2458534575998783
0.2486323467511523
0.45869888737902303
0.24527796730557438
0.24507482908402045
0.417722625659398
0.08594840019947358
0.23787722903020259
0.36095250398035283
0.09740140242518758
