0.341509435325861
0.34181987604850306
0.09890565276166174
0.0723437219859559
0.34363915398716927
0.3399188518765459
0.3440789275767705
0.10115330107519183
0.3393619792380579
0.1415773890918025
0.11141731962581769
0.17510542273535856
0.33023358015559157
0.08894521370543654
0.08164165914063398
0.1030253698118342
0.15782923623974254
0.07980557484560924
0.22727093193753112
0.04883884452294386
0.34342196956276894
0.3427186617629303
0.17088165134243227
0.1520908884709804
0.3344394041900065
0.33038917929138767
0.18162913620529714
0.1340087950229778
0.3437475822865963
0.3367896768760923
0.15740103647163606
0.1511242073031137
0.3421407453715801
0.3447183112845791
0.3401636028837996
0.3381965856903195
0.3308464597933729
0.3348143438169065
0.41062757372957126
0.15112014487412823
0.18393634259760244
0.14399191364674405
0.13062468543652034
0.10793635249138978
0.33781796568198774
0.02001987863336807
0.17273440957072328
0.0056607499718854815
0.16990580223537832
0.11779595911504828
0.023629963398050235
0.1731035448611682
0.3315335436686121
0.10225685499620818
0.09232475515468846
0.1716284044090841
0.3429558309430122
0.08361252304183431
0.09843572601687647
0.14847743697497157
0.3398004421032965
0.3360681658976282
0.3356846685779835
0.14583738893285392
0.33445474619308124
0.3409086147786864
0.14160600351172448
0.07904439605778424
0.3338805232210169
0.18350243940971778
0.043792475015019705
0.23167524300575715
0.3323378834132154
0.3409176495351349
0.21723533421815255
0.216868687421359
0.330576797326669
0.1939444858586825
0.16582117229703197
0.33889419914199703
0.055629959330120604
0.016936302185084184
0.0440529287025796
0.3413817146793008
0.14683176204598236
0.16099606826958646
0.13427131995588382
0.3436100784375543
0.5298682227736894
0.2060448378330651
0.4453344213248872
0.07153669744731297
0.1706870272757502
0.253077640199084
0.343687754124403
0.3390659431464409
0.3441755810340799
