0.2786831063295756
0.09558133035920224
0.11535935103933184
0.09368823468708848
0.2691350618877081
0.27275715930130273
0.07903796620685302
0.16649213619588854
0.28107181191444397
0.2809874452650547
0.2814556984242884
0.14621543698036088
0.27225873617123664
0.09284373349458491
0.12107778340613701
0.10473446082349827
0.28067854046821594
0.2734024077653885
0.27102968103197056
0.08100447244942868
0.27290332317352295
0.2756691500544548
0.2797146141529083
0.2729051560163498
0.2811044566333294
0.27184149842220884
0.12925163283967656
0.12897345610009436
0.27319520711898804
0.2805745527148247
0.2722104499130257
0.11166259273896617
0.2810817863806274
0.27227458360750323
0.278134092352016
0.27334091708336744
0.27348104864422285
0.27289427012619283
0.394944280387066
0.17487755417846496
0.28124425560235977
0.2794841229915619
0.11331010051088675
0.15134973824069498
0.2734288200736046
0.26804837546057014
0.03457210212949868
0.005026362836367371
0.27333948761224747
0.11467785295110702
0.023899741470869096
0.1679582260553315
0.2799480347649065
0.45136004687403597
0.11636123061207995
0.08381186006594898
0.2774828351611527
0.08616849035040466
0.09862985555100368
0.1498100608590388
0.28122733533382416
0.2796191330999136
0.28117214888334274
0.2793729824727327
0.2779293581843376
0.27089901463784993
0.12598270550396218
0.05817535519622169
0.2812061011791229
0.2705553646325005
0.2775281800320065
0.04365071654321308
0.2756121028214693
0.27921332402951826
0.3406030051414427
0.16204887605272833
0.2811039984226227
0.28079293544169504
0.21250043809442232
0.2789350748062134
0.0562692806609848
0.04867152124647933
0.018454333767325748
0.17007004842219312
0.14169466351321283
0.054175719618892795
0.20586294122105211
0.2768619731068611
0.2777895682054061
0.5538841970283286
0.2744227945804596
0.4451263994016541
0.0675311610104852
0.4002673495564095
0.39371364906083417
0.3137167915701997
0.12111928965932717
