0.25
0.2489352879326561
0.24553057101780773
0.06587016955041272
0.24010379839561757
0.2453433154577385
0.23968602391043758
0.09599704481672539
0.24488391233202314
0.23859805390498456
0.36445845849816494
0.18774354364793888
0.25
0.23672912246639244
0.25
0.33559091482401016
0.2476440966129303
0.2503380502932415
0.24567854138936318
0.007003933191310544
0.2493998110294342
0.2379998890683055
0.24980164882901904
0.3296668119732036
0.24509803904220462
0.23566140929751977
0.24310146138125066
0.28092505410337965
0.24999400973320007
0.24964064359664917
0.24871199253539028
0.2417814925475742
0.2440885108836892
0.24218777756405152
0.27635128051114266
0.28716102242561836
0.2495187222957611
0.23567534983289518
0.2451647281212464
0.47911522910070375
0.2473222012631595
0.2483376271276633
0.2369158369995309
0.1072658747436972
0.27527435150380236
0.4989571280315641
0.011602690443409003
0.23992089215227097
0.2503872629478803
0.24620699052481682
0.2731051706300961
0.23593881912565595
0.24692760966829558
0.3939336538315005
0.02174691669646389
0.24476100382894825
0.31390517586026423
0.08917173556986696
0.08013011701435191
0.24986934447448272
0.2358342241929683
0.23882633462116953
0.0873647052794822
0.2454315796494484
0.2410099430538345
0.07293989323082117
0.03527455590667805
0.23717133365552304
0.24797706963279176
0.10224203765422196
0.08754834719024207
0.24730243161445553
0.24277966793798766
0.1408965960148456
0.08791311085237496
0.23796455251768933
0.04421986639512854
0.10994017496743141
0.04364317655576225
0.2377694332972169
0.2483450514603019
0.11298853531516109
0.14463285356764846
0.24993611872196198
0.24901960778515786
0.24700827151536942
0.2471755556772545
0.24876376427815342
0.24450653523811497
0.3241337677465025
0.038519322872218265
0.24969138950109482
0.23917537741396147
0.3219135600033878
0.44338279962540694
0.2499987781047821
0.2503711850300445
0.31903219968157237
