0.3370166039099487
0.34233885591347457
0.08098313026146578
0.1442771404984261
0.33606035186761607
0.33481957680560737
0.10779725201430351
0.0976172303782126
0.3444972094156942
0.33542001271995225
0.22282321657998494
0.14715628325980346
0.33765817654301605
0.3424600159443254
0.11515530105707528
0.1181082425175462
0.344244159758091
0.3324495657156543
0.008894428610804861
0.15185734536532808
0.33159099557903304
0.3437491790735234
0.335678357282408
0.3311428780741968
0.3436709940433502
0.3308030969625595
0.3377382869908504
0.22117039561320384
0.34157506013653083
0.34088172925630533
0.3357276109612072
0.09105961397299744
0.34029535576762815
0.3376821265556288
0.34287546148842296
0.33167445617328617
0.34375
0.3408733320272159
0.33657402916486934
0.11242594546669504
0.3423680104315281
0.19863718003084202
0.08109638839977151
0.11237041279683013
0.33849298814320067
0.41266412288086773
0.007217623293422792
0.3331102308584377
0.3428935962903582
0.33964938994796845
0.058339161798548485
0.33420025247086615
0.3426906276120669
0.0287527963519828
0.02986674476421025
0.33780594170166395
0.3352038053981842
0.07641193270702808
0.0626089368017263
0.34466128385566186
0.16430037096148933
0.20556634850837568
0.09611448831856774
0.1555819474162159
0.07452969439341472
0.12064653262515637
0.03357790131128213
0.3419065063767588
0.1210233275780061
0.18182458728577733
0.07118660397828247
0.16989722662086382
0.11545818299069172
0.16385055333409682
0.05847725644721741
0.03166094422350174
0.06596232950710801
0.10534735023992775
0.1100407391787826
0.3404446360231377
0.16308801993767502
0.0932453945280961
0.09439023211609565
0.33489444538629265
0.3385163416589355
0.07222405821087707
0.14994228631297046
0.3343525808304548
0.3330200745856551
0.3752927668395374
0.025645872578087037
0.33436670771471033
0.34179292543258066
0.34192296396546995
0.49120183475465407
0.33373364247538206
0.3360555642208415
0.33504987892227667
