0.28119316697120667
0.2796319759218655
0.2690882511483696
0.13314304314591652
0.2822169354013817
0.2725893756516884
0.15856345742961853
0.0736386682838941
0.2801470587583026
0.2768760644470526
0.16091902181554835
0.07637819461546741
0.278641976416111
0.27149712463184694
0.27296279745651175
0.10047594085362366
0.2807929068803787
0.27724293189436855
0.0074876400176517866
0.1342567615214676
0.2688101679086685
0.2779561806450076
0.27808955259571044
0.2773874662822544
0.2717459201812744
0.280817449092865
0.279558699542341
0.36749684810665634
0.28125
0.2794043308858174
0.2790656990317917
0.2756436992589907
0.28125
0.27158422255944736
0.271450569696361
0.3192875608807029
0.27389192929861084
0.26859235698419154
0.2708142715426574
0.45340758562237626
0.27117714844840735
0.27205775335979543
0.2678646133284055
0.2678005296018271
0.26764451419875934
0.2821113217655403
0.6612550318247474
0.28125
0.2807284529183221
0.19938977248977868
0.19278591964402358
0.26855446668740857
0.3703286683528965
0.345600593836329
0.02110692486173299
0.3880215063695782
0.09293419867760294
0.07318576471896143
0.09034143388292037
0.28121674060821533
0.27991421230317515
0.2759836593886764
0.07849036902207956
0.28079545497894287
0.2811526358127594
0.07240184955308449
0.03433089354085145
0.2810336798429489
0.2723722908134679
0.2710304053104279
0.10528717935101994
0.28124919533729553
0.12696314603101289
0.13673766329898465
0.04393418529075399
0.2811802625656128
0.28119640052318573
0.037493839860077705
0.0677575673909009
0.28122827410697937
0.2668924257159233
0.2776257827162876
0.09886901080616106
0.2687769681215286
0.27343254536390305
0.2739954153332519
0.2685861884460494
0.28233955180320414
0.27430110142270836
0.39076273888432767
0.044434972107499415
0.27070898562669754
0.2771827717175633
0.27620605094524897
0.5335786789664392
0.28027676812662283
0.3526099771262561
0.12010514363690006
