0.3112862582702214
0.21042023785479458
0.11765530705468422
0.10740938037653736
0.312277615070343
0.2989128134214749
0.29836876444603866
0.14617712795770177
0.2982835201549162
0.30237948226693506
0.30876534586175364
0.09360689669869116
0.3125
0.31029525550387727
0.10161358490595945
0.11236625164768199
0.3109669126570225
0.3125
0.30531967077336664
0.005948167294267281
0.3003577328481918
0.3115491979192565
0.30509477606292884
0.3099057868824864
0.30783578753471375
0.31024621097688865
0.3027591605384481
0.30271398483152334
0.31249934434890747
0.30073826387524605
0.3117439565253951
0.30758278654468363
0.3125
0.3125
0.30957932956533174
0.2987349266198396
0.30589419475432267
0.30808315245998763
0.4200861230508427
0.07598132640125722
0.3118508867919445
0.31346903679876326
0.3018767866190462
0.1834738627083342
0.29979927909002746
0.549709551038793
0.010021653026345279
0.3034849637199757
0.3023461392154154
0.30081145202708925
0.30438939108510144
0.312163382768631
0.3098243535976666
0.3688024738817335
0.1324291042986921
0.29933184385316003
0.3057627562241595
0.4430760853006901
0.07403814233863809
0.2980953987026212
0.30407544867244674
0.048641018569582056
0.1150257213742868
0.13346882537042404
0.03198935091503241
0.08011875301629236
0.10064354352672158
0.30068011581897736
0.30714619811776767
0.3079608666169549
0.07576418295513845
0.12200199440140014
0.17253303621025876
0.12556994706421398
0.056506775785392704
0.039730057120358875
0.05072294546716494
0.08864392340191818
0.09617706295132794
0.29957394677839744
0.3057800947586994
0.09344481700124885
0.09779549017582126
0.31216030940413475
0.3046588785946369
0.3040104966346198
0.07847778871676839
0.3074707090854645
0.31157254508413257
0.34604408022714184
0.028873540461066716
0.40032326970000576
0.45798821002404044
0.11570741236230764
0.1871966198091497
0.3124173730611801
0.3125
0.13753296434919093
