0.11923877149851114
0.07649172842506016
0.3027219334489424
0.09290835633884087
0.3108098730444908
0.12439504358941267
0.10432781279100972
0.08027216233318958
0.09676213562511739
0.31238023191690445
0.2980598895246166
0.1081958115103413
0.08643909730050892
0.09409650508319045
0.12666628509779446
0.12739755958362037
0.07536545395877114
0.11635731160651988
0.0004565790295609773
0.30874203652378185
0.17298088595316363
0.08218441158550205
0.14338609203713826
0.30145912037280037
0.3037946808621191
0.30919136187631824
0.16382888704569842
0.07840033248069489
0.3124994933605194
0.3005360774695873
0.3124649077653885
0.020921792835030095
0.31249161809682846
0.06995482277146228
0.30104333069267475
0.1595923267310616
0.3087057480600186
0.31319840954475464
0.0945100933313468
0.30361127252826203
0.0921658445149991
0.18589136377006965
0.4000405221598853
0.30468541756272316
0.3110481798648834
0.032449437305420284
0.3124808892607689
0.30864996835757613
0.12241631373802869
0.3001952304119826
0.3039592369470441
0.3066395036878309
0.1643688194457782
0.30721765136585844
0.05838315188885146
0.30555004254010487
0.15590072330094584
0.10255069565028488
0.3124195709824562
0.10778974182910195
0.08828784525414812
0.22225594567177234
0.023800704628262837
0.3011220260206695
0.3005428538486121
0.10499201714992956
0.16585340350885885
0.23103079944897653
0.12879345566080103
0.30880736746023607
0.16676941490789665
0.06453831493869788
0.08591798692943287
0.12281488627211479
0.30414520177604093
0.3125
0.001617325469851827
0.31249165534973145
0.11540361493827792
0.30213548151972014
0.2995573263079382
0.30289260140807756
0.31108276918530464
0.3090297716172937
0.0017632786184559324
0.37214554101248154
0.38822116330379713
0.4477936923513206
0.3013077540939586
0.09863868448917601
0.3123815357685089
0.2986925495651747
0.40390880071231017
