0.24093730375226322
0.06578622385871818
0.23564665024382947
0.10089980065839976
0.24832284427247941
0.24608895555138588
0.07282911241077122
0.12557911127844262
0.0966534418988
0.24962708353996277
0.24835011340977808
0.10599789023420758
0.24986417591571808
0.12029803358037106
0.12011771462871026
0.23892911635598524
0.053015448153195976
0.23971412266578154
0.0006687138229626299
0.23666160415297222
0.23870347327909408
0.2381211752079313
0.10950265079764554
0.24848276797909308
0.24834229659237786
0.3342021787543178
0.24119692533722348
0.07448446005598763
0.23533126950500763
0.24792339802401522
0.24180394958339924
0.08582423627389124
0.24471487440710282
0.0740899061786715
0.2379485796714867
0.24998962879180908
0.29569864273161206
0.2440840629866603
0.047472614329443
0.24143371442523998
0.0666422750802104
0.2487206757068634
0.33442884683689555
0.24999627470970154
0.07498342916372264
0.02955071441836138
0.24592560902237892
0.23981280102907437
0.24612225456273518
0.24676364660263062
0.3675861060634681
0.23971199149158895
0.243801534176859
0.2909474000339687
0.08912179060291284
0.3536229208120348
0.1403882354501649
0.07700073905302007
0.2429370414467601
0.1664101784123676
0.09411018714338328
0.24884512648084567
0.023904353380242674
0.24724751664325595
0.24935217946767807
0.24994923174381256
0.2454632330253173
0.23819897357582864
0.2505103930185092
0.24959585070610046
0.17657663300690074
0.06474533490847312
0.24966247379779816
0.1343386154623729
0.24705882370471954
0.3932344242936743
0.001821031793957345
0.24999132752418518
0.2501227095042238
0.24246620060976476
0.24953138828277588
0.2486147503971856
0.24486110732030478
0.245877832175107
0.003054875880481478
0.35065341740858424
0.3804436624050608
0.38491579890276606
0.24118808659568647
0.23717128384633124
0.23697293221984506
0.24939185648717221
0.3982663340872557
