0.11968468874699723
0.09463354758940358
0.16693132743305045
0.08304762467752291
0.3428924083709717
0.16090559167787888
0.1345166414979202
0.10212141461674965
0.09809909760976981
0.2379024391997474
0.237633213401235
0.0621745027603029
0.10057804919805394
0.1086650453508401
0.16306942707161265
0.33314444124730835
0.05490495264540032
0.12684361636663302
0.0005116915563123797
0.33439102866867537
0.1233574301008924
0.11192977800980553
0.12953026592742334
0.11072334647190521
0.3341108523321572
0.3333636607770384
0.17323463037637282
0.05358237773192376
0.3341568829495863
0.2047500228509863
0.34371949173510075
0.3429617513894292
0.33339398139597287
0.06328764371590823
0.23533320450234663
0.10264214035124775
0.33000401884908415
0.20396197540752303
0.07658658176675592
0.12245652079587832
0.05131658213224061
0.27745359391001534
0.33668791571313383
0.3391449826835874
0.07086494565032553
0.07909154333198853
0.16667885333359111
0.20023551583296795
0.15854948014057624
0.3309773504749802
0.32988124754704984
0.3433615677058697
0.14345787465589943
0.33265083190165046
0.07935849204683987
0.3350602733379131
0.11349543742854354
0.0505747571587809
0.3383764587355793
0.09915437502826774
0.1087017040702894
0.34371096827089787
0.030157420784337363
0.3389889486134052
0.33440065160141336
0.13299034163365997
0.10864064469954848
0.19519804231857518
0.3354268781844976
0.33070314750895247
0.16044420376431745
0.07190993055709183
0.08129356056464487
0.14052424021069088
0.33889387504028556
0.3318267830564072
0.0018375962972700943
0.19526666961642106
0.12455648742637748
0.34134641439570373
0.20652132108867122
0.24527372792462404
0.3398018330335617
0.34488491714005787
0.33497195318366224
0.3435381507389429
0.45414530486038457
0.43892011791590924
0.33113611489574346
0.11300780624167472
0.3437041863799095
0.3904762917606055
0.3339025905594373
