0.15419697016497846
0.09729702770749055
0.2806660830974579
0.08733422309166927
0.2744010870457235
0.2807851955294609
0.281140498816967
0.2797635644674301
0.09268921241190797
0.2733347564935684
0.27821213682534207
0.06609787768691144
0.2805047482252121
0.08770922757711785
0.28124383091926575
0.10115736536700326
0.10742576420312624
0.13334650918852142
0.0005021505057812292
0.28093120838874697
0.12606154382274593
0.2682184427976608
0.2756511069657337
0.2733457258877833
0.2679870091378689
0.2798943858929306
0.2708793058991432
0.05004484951508892
0.2738116952231856
0.28105565970355895
0.2769276823959712
0.019742781296410772
0.11165634542730599
0.060600707307717994
0.28128541541861374
0.28124718368053436
0.27405880967186236
0.2783896069081466
0.08227627165636453
0.26681151883307275
0.28069574385881424
0.2733937616001878
0.350680023432021
0.2793139947046982
0.0847841482609959
0.04886745335539766
0.27814811082046764
0.2774448263396655
0.28124338388442993
0.2783645097145091
0.37085418775718215
0.2710204383330844
0.27342667803168297
0.2715829958419824
0.28166288857737753
0.28125
0.11375964246713524
0.09922516159725217
0.26834373994852534
0.28123974055051804
0.07141869328933906
0.2777818521488482
0.02678899560125314
0.2771242771304743
0.2810329422354698
0.28076356649398804
0.28117143362760544
0.2811950594186783
0.1211180384274474
0.26873542693665364
0.1393039859832931
0.05655740760270048
0.06389960274100859
0.2734231576323509
0.2783997813241208
0.3766065239917118
0.2812468111515045
0.2717256701582669
0.08588775992428765
0.27248835225738954
0.27459839807731456
0.28088181652128696
0.2747737467288971
0.28138098045050075
0.0027355998754512723
0.2928071154901628
0.3924144692722997
0.3723834136458843
0.2719448129170019
0.1390583808535192
0.2666821740140155
0.18583322688999096
0.37292482703956786
