0.07063827663682926
0.07795350253594735
0.14694071561110134
0.07359278947131076
0.13777553243581753
0.09594687912637123
0.061614978592933245
0.10939539037680368
0.27100348845124245
0.27992116703551617
0.26978471048750186
0.12302152812486111
0.0981080196800937
0.09358596103267502
0.03483477979901767
0.0605565942825962
0.27016423642635345
0.009020082652587691
0.17382886994212488
0.07831258699319266
0.28001169115304947
0.28023089468479156
0.27090281005781575
0.26711061917717727
0.2811654657125473
0.2678122334186327
0.38076726999165955
0.06011447310461307
0.2767738204048803
0.27255837048984627
0.2674039777800177
0.047772314399607746
0.27963269458442563
0.37324876171207966
0.36792576962257273
0.17047077440658326
0.2785984911035281
0.37515877280395343
0.11322604678597181
0.12233293801570932
0.2801080718636513
0.272661279886961
0.28090309540915237
0.2770382287742267
0.4439785256989556
0.3270962964756883
0.013900045305531253
0.27923786297509295
0.27256722723040405
0.1076598819347018
0.28020756244358314
0.03199382405730111
0.050574641674827614
0.03765184618539774
0.2733352780342102
0.27336955070495605
0.2796883580740541
0.274410772713109
0.2811961770057678
0.2699323929846287
0.2733883261680603
0.2733660275451276
0.2808208465576172
0.27238886803388596
0.280784010887146
0.3272117562594453
0.2812219709157944
0.27830201027773227
0.27685801357171014
0.3578525781638735
0.2812446802854538
0.26828838139772415
0.2666743704547849
0.04820609465244975
0.2812452167272568
0.27700913080696954
0.02311673760415478
0.14689288660921007
0.28072308003902435
0.00033156946301572676
0.13652188237781654
0.04890354070820191
0.28035689145326614
0.2734129875898361
0.27198850594346036
0.06314024329188134
0.2676121937121718
0.274726015341793
0.4102951586251288
0.26991038810815904
0.32684867084129676
0.2998312488202314
0.04994390532382098
0.27252006470657775
0.3574373945598739
0.08034563437107123
