0.07491289405157864
0.14338106662076203
0.07624167203923574
0.09751991182593511
0.2997908078191057
0.10712290182716201
0.07658446207649652
0.056621658616006876
0.30679281800985336
0.30684471181597783
0.1435842961073337
0.1421067919585597
0.0928291594610883
0.08152515441187891
0.03831620700667776
0.09022376313814887
0.007725197821867591
0.14339801855434456
0.06378495320681091
0.0886600650847329
0.2992926802089737
0.3055036172744562
0.09858808107684539
0.12271568737928368
0.3035422200343302
0.4255620837213786
0.34270041509151605
0.18003324046753166
0.3125
0.3072307781023106
0.3075045906562969
0.04290827736266037
0.4004094877588365
0.3936526337653192
0.16529474780013215
0.16233328729868327
0.3021542187245261
0.40201941132645214
0.09888349007820862
0.14526918902997715
0.3010696645161133
0.3042606809511428
0.30603825843054566
0.1238087974489106
0.29910864229646866
0.420296829194014
0.023106586188144207
0.30358329974114895
0.30885295453528805
0.12958734296263189
0.3048430721267552
0.05529892817142258
0.035280541516866784
0.04283837787810052
0.3006916040325902
0.30888266961207755
0.09948308765909442
0.08604018716150241
0.30115042955997406
0.3100245290879775
0.3086793281843393
0.1774921901530101
0.3122640959918499
0.3039652332663536
0.3052018395869497
0.18293885886721487
0.30057140067219734
0.2989485989185402
0.30547473114112283
0.31089631986302635
0.31243786215782166
0.3053313366251579
0.3057962091792635
0.1268174201250415
0.3007692024111748
0.07551000267285213
0.10740868747254584
0.02865919470787337
0.3055065569206499
0.00033010635525049237
0.15993840619963412
0.06880398653458936
0.30675331712804654
0.29909460792449943
0.16143446369099437
0.04426503926521563
0.31295027816725496
0.2994125938969053
0.30318299524006687
0.3061403846170959
0.041739306412751254
0.20397017523699656
0.06284506060201825
0.30922987865399604
0.16020845994357186
0.07388477027432622
