0.2368310261523108
0.24003073607049719
0.19614434428586572
0.09557480365054627
0.24910424649715424
0.11840730719280101
0.08036772906795919
0.05930990725768159
0.25049450062318523
0.24575313180728214
0.11119126901061965
0.12240333855162683
0.24197657988895682
0.09772228263357907
0.0964552927764566
0.11363143380747975
0.00660200603306399
0.06602321565173219
0.15079090558026087
0.04758107662204236
0.2392236857106369
0.24148520110222407
0.12068670615567784
0.07818271871671278
0.24989043176174164
0.24535259557887912
0.2413901105815291
0.3814677819611778
0.23874666879067766
0.24463714062727338
0.241461948699104
0.048906398005822416
0.25
0.2437316668227234
0.36288622021728467
0.32447600482591454
0.250838054927389
0.24361283300966158
0.24368299535834703
0.32205451279912234
0.24998295307159424
0.24518821947276592
0.23883158341050148
0.23720750850081251
0.4410926401630935
0.35246323794158974
0.02295385301120656
0.24911211650168752
0.14585761725934443
0.07592168264097571
0.24776661717104997
0.01890413090589671
0.04092706833045756
0.04236769676217689
0.24904751777648926
0.2416954358688908
0.24405121914432232
0.09911334514649253
0.24390585534274578
0.2440904239394484
0.24359864398133646
0.24741742251449572
0.2451467625796795
0.24004177292629503
0.25008225045170496
0.10347774997366688
0.24193300306874976
0.24583674901414498
0.30538404733020774
0.3814922943718466
0.24322732859062712
0.23841695714602065
0.03554490953691469
0.11664020922058638
0.24174187344319786
0.24424723244833146
0.12159763276615787
0.01599621772771187
0.2474695990063808
0.1614826600999301
0.00019807741045974048
0.061692709103314036
0.2499966323375702
0.24563247989863157
0.24340224545482858
0.0407509282231624
0.2441171798864985
0.24031359134140118
0.36944516748275485
0.24806530201578436
0.2448683264230116
0.3237933740033412
0.06178739666955324
0.24999566148496702
0.2508663463722073
0.47315020510006445
