0.32970098797611624
0.06406037695716837
0.13822776079213417
0.08447250351336777
0.3296286274345997
0.15749416314072076
0.08876577764759766
0.061174310743879245
0.34144455567002296
0.3311566514320743
0.132864456624088
0.1537047177557691
0.08672634139660618
0.07827134802948643
0.09845518367387301
0.03364133834840133
0.00753540545702297
0.12151741189913795
0.07343101687749504
0.043390346225392784
0.3426626735016173
0.34415114836724625
0.10842197760966632
0.07540723681465367
0.3397488072514534
0.33287526930288613
0.33442292859432854
0.341456964755533
0.3433286135733729
0.3358098239734818
0.32990831648141367
0.04646882414831344
0.33585892943665385
0.34127122937969945
0.16140860319165706
0.1625357829034486
0.3417837023745698
0.3337873190151027
0.1442293040457483
0.15927942842245302
0.3379503010993494
0.3347217268376774
0.2063179630788362
0.08155618608002402
0.4130252525226462
0.018005298916264248
0.280682845041923
0.3335743434727192
0.12471061199931144
0.08169159479443322
0.3295814439143042
0.03681596461684672
0.046503722667796704
0.04636458493785972
0.3308933039554529
0.13475942798010776
0.22451877594027425
0.20977822039277633
0.3407367093607959
0.3294459599763231
0.2538758590823591
0.14583812654020833
0.3392416377565033
0.33945867234758414
0.1488238256425919
0.12095404416356084
0.3333744406708299
0.33341042418086464
0.33579191710169887
0.34003720432631623
0.33157458715169497
0.2425561137502025
0.03031201381239257
0.07734939455986314
0.3392204174466047
0.024226769804984116
0.04083098843696564
0.07980470359344562
0.3299844857015879
0.00024638697505013907
0.1313775442543042
0.06587406154741374
0.3312599421553144
0.15424099518005013
0.18953831307618318
0.05349086411304499
0.342458907082539
0.4548036502681626
0.22944368515171504
0.3377995887434809
0.3360125195206048
0.0591956935823679
0.0800562836232675
0.3370465087527871
0.34288791623611925
0.06874884851285379
